gt_count: 1141
recall@0.3: 0.8825591586327782
recall@0.5: 0.7598597721297108
recall@0.7: 0.39176161262050835
mean_best_iou: 0.6043040443352186
best_iou_p10: 0.2439642697572708
best_iou_p50: 0.6594709753990173
best_iou_p90: 0.8457978367805481
props_per_gt_iou_ge_03: 2.6827344434706397
props_per_gt_iou_ge_05: 1.2366345311130587
avg_props_per_sample_with_gt: 14.065263157894737
samples_total: 675
avg_props_per_sample_all: 11.207407407407407
frac_samples_with_any_props: 0.9333333333333333
